     939     1639    1875    2095    1467    5047    2275    6911    2763       7    5491    5327
     731     6999    7427    1439    7659    5543    3987    7535    3067    7927    7459    3135
     7435    1863    5555     527     283    7831    2371    3807    2091    5351    2003     687 
     571     6711     355    3455    8011    7815    1523    8015    3931    4567    1411    2079
     619     1063    4115    6127    2171    1399    5539    7871    4491    1479    1587    3215
     3483    5399    4547    4447    3243     871    2131    7471    7867     183    6627    8191
     5067    7431    5747    2511    7131    2135    3587    2719    1771    4775    4243    4719
     1275    3063    3619    4415    1547    1095    5811    5903    6683    2967    6723    5087
     4395    4583    2259    6063    6971    1847    4707    4735    2123    7047    1779    5199
     2139    7895    5763    3359    2923     295    4371    3311     379    4727    1699     959
     6795     711    1843     399    1691     535     707    5727    5547     103    2387    4655
     6075    3511    2787    1279    7371    6663    6003    7887    5339    5463    7939    3999
     4075    4007    4499    1903    7675    6391    7971    5695    3851     327    6067    3087
     4891    6295    2883    6367    6699    3815    2515    3247    5179    5175     867    6015
     4427    6279    2035    2383     347    3031    1923    4639    5227    7719    4627     495
     6779    8055    6051    2239     907    8135    2099    5775    8091    3863    5059    7007
     7851    7527    2643    1839    4283    6839    7139    2559    1483    5895    6259    5071
     3547     599    4099    5279    6379    3239    4755    7279    5883    1527    4131    6975
     6155    7751    6323     271    3099    1431    7235    7647     811    3047    2771     431
     3387     311    5219    7295    6731    5511    2291    7759    6747    6359    6275    5919
     7531    6951    4883    5871    4987    3191    2211    3519    3211    7367    2355    2959
     6299    7191    1219      95    1963    6759    2899    7215    2491    1975    3299    3839
     3787    5127    6515    2255    1755    3927     259    6559     491    2471    5011    4463
     4091    4855     291      63     267    6983    6579    5647    1307    4759    3395     735
     3115    2279    3027    5807    1595    3639    1379     383     843    4743    2547    4943
     4955    1495    2435    7199    1643    6183    5139    3055    3195    6519    6563    4799
     5515    6599    2611     143    4507    2327    5571    1375    4267    5991    3155    4399
     699     5303    7651    5119    6091    4359    6771    7631    8155    7255    4611    7839
     2795    1703    5267    1647    2299    8183    4643    1343    2571    6215    6835    2831
     7707    8087    7747    2015    5419    1511    3283    2991    7995    6967    5731    1663
     3147    3975    2803    2127    3163    4823    6787     287    3947    5415    5395     239
     1403    1655    2723    6079    7819    5831    2867    5519    2715    5655    1731    2655
     6571    5223    3411    1583    7099     439    3811    6399     203    3591    7027    4815
     6363    2391     771     927    5099     935    5523    7023     507    3319     803    2623
     4875    5447    7091      15    5915    3223    3907    3295    7723     743    3539     175
     6203    2103    1891    2943    5451    3207    3059    7503    1371    8151    2947    1567
     6251    4647    5651    5615    7803    4983    7075    7359    1931    5063    3123    2703
     923     791     6083    3935     683    4455    3667    6959    5307    3767    8163    7679
     2507    2823    7283    1999    4571    5719    5123    2207    7403     167    5779    4207
     6907    6647    5155    3903    7179    4679    7347    5391    4123    6551      67    4575
     1835    8167    3795    5551    4411    5431    6243    4223    7755    2439    3315    4687
     7771    3287    7299    2847     363    3879    5907    2799    6011     119    3235     447
     4235    4295    3379    8079    7323    4119    2243    5215    2987    3687    3923    4143
     3515    7095    4323     767    4811    2055    7539    7375    2779     855    1283    3487
     1515    7591    6035    1391    5115    1783    1315    5183    1291    3911    7603    2575
     2331    1687    4419    5855    4139    7399    4051    2735    2619     567    2403    5503
     1867    1671    3571    1871    5979    6615    3459    4127    2667    3111    6163    8175
     4219    3447    7587    1727    6539    3527    3635    5263    5531    7447    6595    6495
     5291    2919    4179    1327    1723    2231     483    2047    7115    1287    7795    4559
     987     4183    5635    4767    3819    6823    6291    6767    3323    5111    5667    6463
     3595    3143    7859    7951     539    5015     579    7135    6443    6631    4307    8111
     827     895     6755    6783    4171     903    3827    7247    4187    1751    7811    5407
     4971    2343    6419    5359    2427    6775    3747    3007     651    2759    3891    2447
     3739    2583    2755    7775    7595    2151    4435    6703    8123    5559    4835    3327
     1227     519    8051    1743    7387    7511    1795    6047    6123    6055    6547    3951
     1531     247    1827    7743    5899    2375    8115    5135    6939     151    4931     223
     555     5863    4563    5295    7227    7223    2915    8063    6475     135    4083    4431
     2395    5079    3971    6687    7275    1575    6675    2543     635    1911    8099    4287
     2955    1991    4147    7823    1947    5911    7107     863    1707    1383    4691    3887
     6331     695     995    4607    3531    7943     115    7119    5595    2647    6147    7327
     235     5287    6803    1135    7931    3575    6179     831      11    1607     179    2319
     5147    3479    1091    1503    2859    5095    4819    2479    5435    2359    7267    1151
     587     7559    4339    1615     603     215     131    7967    1387     807    6931    7919
     7035    5239    4259    5567    5259    1223    4403    5007     155    1047    3267    2143
     4011     615    4947    1071    4539    4023    5347    5887    5835    7175     371    4303
     3803    5975    2307     415    2539    4519    7059    6511    6139    6903    2339    2111
     2315     839     435    7695    3355    6807    5443    2783    5163    4327    5075    7855
     3643    5687    3427    2431    2891    6791    4595    6991    7003    3543    4483    1055
     3691      39    7187    5103    5243     375     419    6847    7563     455    4659    2191
     6555    4375    7619    3423    6315    8039    5203    6447    2747    7351    1507    7167
     8139    6407     627    1487    2011    1111    6659    1695    4843    3751    7315    3695
     4347    2039    6691    3391    4619      71     691    4879    1563    1943    1603    4063
     7467    3559    5331    5039    1851     823    7779    3711    5195    6023    4851    4175
     5211    6871     643    2335    5995    7463    7443    2287    3451    3703    4771    8127
     1675    7879    4915    7567    4763    7703    3779    4703     427    7271    5459    3631
     955     2487    5859     255    2251    5639     883    6863     219    4439    2819    2975
     7147    2983    7571     879    2555    5367    2851    4671    6923    7495     947    2063
     7963    5271    5955    5343    1579    2791    5587    2223      59    4151    3939    4991
     7499    5255    5107    1359    3419    2007    4995    3615     107    6695    7699    7663
     1659    7031     931    1215    3979    7111    5171    4751    2971    2839    8131    5983
     2731    6503    5715     815    7355    5815    2019    1535    4555    4871    1139    4047
     6619    7767    7171    4255    1259    2215    7827    6255     763     503    7203    5951
     1035    6727    1203    7439    6171     407    2115    6623    3883    2023    5843    7599
     6459    7479      99    6271